0
127
-57
344
-69
463
-12
455
105
333
243
145
347
-44
366
-177
275
-224
86
-189
-151
-108
-367
-31
-495
0
-495
-31
-367
-108
-151
-189
86
-224
275
-177
366
-44
347
145
243
333
105
455
-12
463
-69
344
-57
127
0
-128
56
-345
68
-464
11
-456
-106
-334
-244
-146
-348
43
-367
176
-276
223
-87
188
150
107
366
30
494
0
494
30
366
107
150
188
-87
223
-276
176
-367
43
-348
-146
-244
-334
-106
-456
11
-464
68
-345
56
-128
-1
127
-57
344
-69
463
-12
455
105
333
243
145
347
-44
366
-177
275
-224
86
-189
-151
-108
-367
-31
-495
0
-495
-31
-367
-108
-151
-189
86
-224
275
-177
366
-44
347
145
243
333
105
455
-12
463
-69
344
-57
127
0
-128
56
-345
68
-464
11
-456
-106
-334
-244
-146
-348
43
-367
176
-276
223
-87
188
150
107
366
30
494
0
494
30
366
107
150
188
-87
223
-276
176
-367
43
-348
-146
-244
-334
-106
-456
11
-464
68
-345
56
-128
-1

