0
-1
-2
-5
3
20
49
87
128
168
199
223
238
249
246
236
215
189
156
116
75
27
-21
-68
-111
-153
-188
-218
-240
-251
-256
-251
-241
-218
-189
-153
-112
-68
-22
26
74
115
156
188
216
235
247
248
239
223
200
169
129
90
42
-4
-52
-98
-138
-178
-209
-233
-248
-260
-256
-246
-226
-200
-166
-127
-86
-38
11
57
102
144
179
209
230
241
247
241
231
209
180
143
103
57
12
-37
-85
-126
-166
-199
-227
-245
-257
-259
-249
-233
-209
-179
-138
-100
-52
-6
42
88
129
168
199
223
238
249
246
236
215
189
156
116
75
27
-21
-68
-111
-153
-188
-218
-240
-251
-256
-251
-241
-218
-189
-153
-112
-68
-22
26
74
115
156
188
216
235
247
248
239
223
200
169
129
90
42
-4
-52
-98
-138
-178
-209
-233
-248
-260
-256
-246
-226
-200
-166
-127
-86
-38
11
57
102
144
179
209
230
241
247
241
231
209
180
143
103
57
12
-37
-85
-126
-166
-199
-227
-245
-257
-259
-249
-233
-209
